0.99818426
0.00015025244
6.968824e-05
0.9999287
0.98324054
0.9997998
0.986618
0.28225675
0.00010750947
0.996905
0.015797203
0.9994622
0.9989279
0.9999126
0.9993931
0.9995097
0.9999232
0.99980146
0.99960536
0.9991585
8.537922e-05
0.9979114
0.9998373
0.99947923
0.99991167
0.99906725
0.9999124
0.999495
0.9996586
0.9999058
0.0018240275
0.999783
0.9999032
0.9998386
0.99954766
0.9999088
0.9999175
0.9993315
0.9998963
0.9998735
0.00192881
0.9998939
0.999907
0.8501919
0.99991095
0.9991804
0.0028826727
0.99918693
0.9986217
0.32740495
0.0007021055
0.99818426
0.00015025244
6.968824e-05
0.9999287
0.98324054
0.9997998
0.986618
0.28225675
0.00010750947
0.996905
0.015797203
0.9994622
0.9989279
0.9999126
0.9993931
0.9995097
0.9999232
0.99980146
0.99960536
0.9991585
8.537922e-05
0.9979114
0.9998373
0.99947923
0.99991167
0.99906725
0.9999124
0.999495
0.9996586
0.9999058
0.0018240275
0.999783
0.9999032
0.9998386
0.99954766
0.9999088
0.9999175
0.9993315
0.9998963
0.9998735
0.00192881
0.9998939
0.999907
0.8501919
0.99991095
0.9991804
0.0028826375
0.99918693
0.9986217
0.327396
