0.99967575
0.99792755
0.9998481
0.9967308
6.26662e-05
0.87299997
0.99988484
0.99957544
0.00016307627
3.9112972e-05
0.9911732
0.0094981175
0.999383
2.921941e-05
0.0010891955
0.0002807565
0.0034109808
0.9994312
0.9999224
0.99956137
0.99264234
0.00010645343
0.99887186
0.99866235
0.0034883185
0.99849236
0.9998754
3.0379402e-05
7.067444e-05
0.9997367
0.0025564276
0.99966514
0.9990681
0.99758065
0.99990416
0.9976472
0.9998332
0.99971026
0.9999194
0.9991111
0.004459103
0.9999125
0.0034025202
0.9950956
0.9999087
0.9993166
0.99979705
0.99989796
0.9998853
0.9993668
0.48005152
0.99967575
0.99792755
0.9998481
0.9967308
6.26662e-05
0.87299997
0.99988484
0.99957544
0.00016307627
3.9112972e-05
0.9911732
0.0094981175
0.999383
2.921941e-05
0.0010891955
0.0002807565
0.0034109808
0.9994312
0.9999224
6.23013e-05
0.99264234
4.455525e-05
0.99887186
0.99866235
0.0034883185
0.99849236
0.9998754
3.0379402e-05
7.067444e-05
0.9997367
0.0025564276
0.99966514
0.9990681
0.99758065
0.99990416
0.9976472
0.9998332
0.99971026
0.9999194
0.9991111
0.004459103
0.9999125
0.0034025202
0.9950956
0.9999087
0.9993166
0.99979705
0.99989796
0.9998853
0.9993668
