0.9997912
0.9999118
0.9999199
0.99980444
0.00522873
0.0008897044
0.99976426
0.99985087
0.99865425
0.9999255
0.00034689243
0.9999075
0.9999188
0.9999157
0.0001107469
0.9999144
0.99985194
0.09462573
0.00018986237
0.0034649987
0.99990785
0.99986804
0.99991906
0.99220884
0.9999248
0.99992335
0.0023233593
0.99989223
0.9999138
0.99990106
0.001504041
0.99989665
0.9998542
0.9998926
0.9999231
0.9998841
0.0024457586
0.9987649
0.9999229
0.9998354
0.9999093
0.9999012
0.99989223
8.070716e-05
0.9999027
0.00043966263
0.99960655
0.99771035
0.9998827
0.00019125268
0.48005152
0.9997912
0.9999118
0.9983571
0.9999199
0.99980444
0.00522873
0.0008897044
0.99976426
0.99985516
0.99869627
0.99865425
0.9999255
0.00034689243
0.9999075
0.9999188
0.9999157
0.0001107469
0.9999144
0.99985194
0.09462573
0.00018986237
0.0034649987
0.99990785
0.99986804
0.99991906
0.99220884
0.9999248
0.99992335
0.0023233593
0.99989223
0.9999138
0.99990106
0.001504041
0.99989665
0.9989448
0.9998542
0.9998926
0.9999231
0.9998841
0.0024457586
0.9987649
0.9999229
0.9998354
0.9999093
0.008384099
0.9999012
0.99989223
8.070716e-05
0.9999027
0.00061997987
0.00043966263
0.99960655
0.99771035
0.9998827
0.00019125194
