0.9997731
0.9983197
0.9991335
0.010363143
0.9999229
0.9999263
0.99990666
0.99667144
0.3270065
0.99992347
0.95173407
9.946534e-05
0.9998493
0.999408
0.9992285
0.9995084
6.0373666e-05
0.003259689
0.04464548
0.999074
0.01687161
0.99985313
0.9997944
0.99992096
0.9999081
0.00042548345
6.38171e-05
0.99983037
0.99986553
0.9998865
0.99767095
0.99931026
0.9998883
0.9999149
0.9999143
0.9924839
0.99987054
0.9999008
0.99987864
0.9998555
0.002583709
0.9999254
0.99989104
0.99976987
0.99868876
0.99977237
0.0030983635
0.9998596
0.0031941086
0.9886374
0.48005152
0.9997731
0.9983197
0.9991335
0.010363143
0.9999229
0.9999263
0.99990666
0.99667144
0.3270065
0.99992347
0.95173407
9.946534e-05
0.9998493
0.999408
0.9992285
0.9995084
0.0133677
6.0373666e-05
4.293704e-05
0.003259689
0.04464548
0.999074
0.01687161
0.99985313
0.16514367
0.9997944
0.99992096
0.99946743
0.99988234
0.9999081
0.00042548345
6.38171e-05
0.99983037
0.0008577842
0.99986553
0.9998865
0.99767095
0.99931026
0.9998883
0.9999149
0.9999143
0.9998783
0.99604934
0.9924839
0.99987054
0.9999008
0.99987864
0.9998555
0.0025836965
0.9999254
0.99989104
0.99976987
0.99868876
0.99977237
0.0030983372
0.9998596
0.0031941223
0.9886369
