8.374713e-05
0.9950113
0.99981457
0.00041179155
0.99970514
0.9999007
0.0009300169
0.98738444
0.9998474
0.9998368
0.0038851073
0.99779284
0.9998122
0.9997738
0.0010891955
0.9976361
0.99984396
0.99787796
0.99923515
0.00096125505
6.478752e-05
0.9997135
0.99988055
0.000641053
0.996231
8.542751e-05
0.0024647696
0.00028885668
0.00021413199
0.9515441
0.9996861
0.99985707
0.001159223
0.9998995
0.9865811
0.9999
0.9998472
0.9998851
0.99867296
0.99120927
0.99990785
0.99987864
0.0013682754
0.0052523646
0.00090584776
0.9999132
0.0010335483
0.99989855
0.99477416
0.99985266
0.9998572
0.72838104
0.99989915
0.9998957
0.00010519097
0.9999161
0.99492824
0.9981839
0.99945396
0.9890298
0.00010522508
0.999912
0.38767484
0.9999057
0.99990606
0.9998103
0.0046370286
0.9999076
3.4018296e-05
0.99778455
0.002884
7.017319e-05
0.00012606267
0.99831545
0.99987555
0.07429261
0.99883145
0.9992188
0.9999002
0.99631435
0.0001180371
0.9998197
0.9999101
0.00016897854
0.9997639
2.8365374e-05
0.0020370085
3.2522257e-05
0.99991727
0.9999149
0.004403939
0.9999205
0.0047484348
0.0005240226
0.99986565
0.00020463702
0.99966335
0.9961843
0.9994456
0.058433548
0.9998198
0.48005152
8.374713e-05
0.9950113
0.99981457
0.00041179155
0.99970514
0.9999007
0.0009300169
0.98738444
0.9998474
0.9998368
0.0038851073
0.99779284
0.9998122
0.9997738
0.0010891955
0.9976361
0.99984396
0.99787796
0.99923515
0.00096125505
6.478752e-05
0.9997135
0.99988055
0.000641053
0.996231
8.542751e-05
0.0024647696
0.00028885668
0.00021413199
0.9515441
0.9996861
0.99985707
0.001159223
0.9998995
5.526739e-05
0.9865811
0.9999
0.9998472
0.9998851
0.99867296
0.99120927
0.99990785
0.99987864
0.0013682754
0.0052523646
0.00090584776
0.9999132
0.0010335483
0.99989855
0.99477416
0.99985266
0.9998572
0.72838104
0.99989915
0.9998957
0.00010519097
0.9999161
0.99492824
0.9981839
0.99945396
0.9890298
0.00010522508
0.999912
0.38767484
0.9999057
0.99990606
0.9998103
0.0046370286
0.9999076
3.4018296e-05
0.99778455
0.002884
7.017319e-05
0.00012606267
0.99831545
0.99987555
0.07429261
0.99883145
0.9992188
0.9999002
0.99631435
0.0001180371
0.9998197
0.9999101
0.00016897854
0.9997639
2.8365374e-05
0.0020370085
9.583556e-05
0.99991727
0.9999149
0.0044039353
0.9999205
0.0047483766
0.0005240169
0.99986565
0.00020463663
0.99966335
0.9961843
0.9994456
0.058432434
0.9998198
